20191105_H:
  E_FF_mean_weight: 1.186153E+00
  E_E_mean_weight: 7.565239E-01
  E_I_mean_weight: 4.933992E-01
  I_FF_mean_weight: 1.469741E+00
  I_E_mean_weight: 1.228627E+00
  I_I_mean_weight: 2.910859E+00
  E_FF_weight_norm_sigma: 6.589013E-01
  E_E_weight_norm_sigma: 7.034727E-01
  E_I_weight_norm_sigma: 5.618293E-01
  I_FF_weight_norm_sigma: 1.407380E-01
  I_E_weight_norm_sigma: 4.309294E-01
  I_I_weight_norm_sigma: 2.661832E-01
  E_E_tau_offset: 8.279597E+00
  E_I_tau_offset: 7.245314E+00
  I_E_tau_offset: 1.731338E+01
  I_I_tau_offset: 1.354424E+01
  E_E_syn_proportion: 4.278232E-01
  E_E_FF_syn_proportion: 5.188496E-01
  I_E_syn_proportion: 4.935844E-01
  I_E_FF_syn_proportion: 4.415774E-01
  E_norm_syn_count: 1.886555E-01
  I_norm_syn_count: 9.261309E-02
  E_peak_delta_weight: 1.691708E+00
20191111_H:
  E_FF_mean_weight: 3.367178E+00
  E_E_mean_weight: 1.349212E+00
  E_I_mean_weight: 2.365004E+00
  I_FF_mean_weight: 5.850755E-01
  I_E_mean_weight: 1.011226E+00
  I_I_mean_weight: 1.492227E+00
  E_FF_weight_norm_sigma: 4.522403E-01
  E_E_weight_norm_sigma: 6.516253E-01
  E_I_weight_norm_sigma: 3.975987E-01
  I_FF_weight_norm_sigma: 7.017368E-01
  I_E_weight_norm_sigma: 1.902402E-01
  I_I_weight_norm_sigma: 2.350279E-01
  E_E_tau_offset: 3.267292E+00
  E_I_tau_offset: 4.400515E+00
  I_E_tau_offset: 1.835199E+01
  I_I_tau_offset: 1.458514E+01
  E_E_syn_proportion: 8.604153E-01
  E_E_FF_syn_proportion: 7.298177E-01
  I_E_syn_proportion: 8.318518E-01
  I_E_FF_syn_proportion: 7.414986E-01
  E_norm_syn_count: 2.159894E-01
  I_norm_syn_count: 1.530903E-01
  E_peak_delta_weight: 1.232614E+00
20191109_I:
  E_FF_mean_weight: 8.921582E-01
  E_E_mean_weight: 1.687527E+00
  E_I_mean_weight: 1.423215E+00
  I_FF_mean_weight: 2.900429E+00
  I_E_mean_weight: 1.203666E+00
  I_I_mean_weight: 4.263603E-01
  E_FF_weight_norm_sigma: 5.096660E-01
  E_E_weight_norm_sigma: 4.336517E-01
  E_I_weight_norm_sigma: 3.511443E-01
  I_FF_weight_norm_sigma: 4.545127E-01
  I_E_weight_norm_sigma: 2.128780E-01
  I_I_weight_norm_sigma: 2.083560E-01
  E_E_tau_offset: 3.550734E+00
  E_I_tau_offset: 5.384680E+00
  I_E_tau_offset: 9.131241E+00
  I_I_tau_offset: 7.259741E+00
  E_E_syn_proportion: 7.478886E-01
  E_E_FF_syn_proportion: 7.917608E-01
  I_E_syn_proportion: 4.039624E-01
  I_E_FF_syn_proportion: 5.840568E-01
  E_norm_syn_count: 3.960489E-01
  I_norm_syn_count: 1.861190E-01
  E_peak_delta_weight: 3.750480E+00
20191213_J:
  E_FF_mean_weight: 1.279704E-01
  E_E_mean_weight: 1.036678E+00
  E_I_mean_weight: 6.481184E-01
  I_FF_mean_weight: 4.252936E+00
  I_E_mean_weight: 8.319068E-01
  I_I_mean_weight: 3.831863E-01
  E_FF_weight_norm_sigma: 7.881238E-01
  E_E_weight_norm_sigma: 8.857694E-01
  E_I_weight_norm_sigma: 4.286916E-01
  I_FF_weight_norm_sigma: 7.701894E-01
  I_E_weight_norm_sigma: 6.443303E-01
  I_I_weight_norm_sigma: 2.394137E-01
  E_E_tau_offset: 4.940831E+00
  E_I_tau_offset: 4.252425E+00
  I_E_tau_offset: 1.696738E+01
  I_I_tau_offset: 7.602749E+00
  E_E_syn_proportion: 5.533530E-01
  E_E_FF_syn_proportion: 6.838711E-01
  I_E_syn_proportion: 4.776213E-01
  I_E_FF_syn_proportion: 1.110638E-01
  E_norm_syn_count: 4.415144E-01
  I_norm_syn_count: 1.615563E-01
  E_peak_delta_weight: 4.096247E+00
