J:
  E_E_FF_syn_proportion: 5.558672E-01
  E_E_mean_weight: 7.666654E-01
  E_E_syn_proportion: 5.213730E-01
  E_E_tau_offset: 3.310981E+00
  E_E_weight_norm_sigma: 7.035587E-01
  E_FF_mean_weight: 1.318339E+00
  E_FF_weight_norm_sigma: 8.501778E-01
  E_I_mean_weight: 8.657889E-01
  E_I_tau_offset: 2.664080E+00
  E_I_weight_norm_sigma: 5.416425E-01
  E_norm_syn_count: 4.863112E-01
  E_peak_delta_weight: 3.754091E+00
  I_E_FF_syn_proportion: 4.980959E-01
  I_E_mean_weight: 1.665755E+00
  I_E_syn_proportion: 2.533030E-01
  I_E_tau_offset: 1.545679E+01
  I_E_weight_norm_sigma: 1.480687E-01
  I_FF_mean_weight: 1.725984E+00
  I_FF_weight_norm_sigma: 5.034243E-01
  I_I_mean_weight: 2.360475E-01
  I_I_tau_offset: 7.914728E+00
  I_I_weight_norm_sigma: 7.016509E-01
  I_norm_syn_count: 3.172796E-01
K:
  E_E_FF_syn_proportion: 8.246580E-01
  E_E_mean_weight: 1.948872E+00
  E_E_syn_proportion: 6.839078E-01
  E_E_tau_offset: 4.231120E+00
  E_E_weight_norm_sigma: 9.187609E-01
  E_FF_mean_weight: 2.530381E+00
  E_FF_weight_norm_sigma: 3.635368E-01
  E_I_mean_weight: 1.389592E+00
  E_I_tau_offset: 3.252171E+00
  E_I_weight_norm_sigma: 6.222285E-01
  E_norm_syn_count: 1.956207E-01
  E_peak_delta_weight: 2.546268E+00
  I_E_FF_syn_proportion: 7.968854E-01
  I_E_mean_weight: 5.492608E-01
  I_E_syn_proportion: 8.631385E-01
  I_E_tau_offset: 1.689774E+01
  I_E_weight_norm_sigma: 1.059672E-01
  I_FF_mean_weight: 5.344464E-01
  I_FF_weight_norm_sigma: 4.143443E-01
  I_I_mean_weight: 1.698864E+00
  I_I_tau_offset: 5.739075E+00
  I_I_weight_norm_sigma: 2.305590E-01
  I_norm_syn_count: 1.389087E-01
C:
  E_E_FF_syn_proportion: 7.760074E-01
  E_E_mean_weight: 3.138233E+00
  E_E_syn_proportion: 4.437595E-01
  E_E_tau_offset: 7.662270E+00
  E_E_weight_norm_sigma: 5.537371E-01
  E_FF_mean_weight: 2.907836E+00
  E_FF_weight_norm_sigma: 8.422238E-01
  E_I_mean_weight: 1.205572E+00
  E_I_tau_offset: 7.661340E+00
  E_I_weight_norm_sigma: 2.471531E-01
  E_norm_syn_count: 1.868149E-01
  I_E_FF_syn_proportion: 6.856613E-01
  I_E_mean_weight: 3.543566E+00
  I_E_syn_proportion: 2.037385E-01
  I_E_tau_offset: 1.866754E+01
  I_E_weight_norm_sigma: 8.362540E-01
  I_FF_mean_weight: 3.154648E+00
  I_FF_weight_norm_sigma: 3.588546E-01
  I_I_mean_weight: 1.252648E+00
  I_I_tau_offset: 6.469197E+00
  I_I_weight_norm_sigma: 9.578477E-01
  I_norm_syn_count: 1.153463E-01
