J:
  E_E_FF_syn_proportion: 5.748530E-01
  E_E_mean_weight: 9.876076E-01
  E_E_syn_proportion: 5.149285E-01
  E_E_tau_offset: 5.060581E+00
  E_E_weight_norm_sigma: 7.416339E-01
  E_FF_mean_weight: 1.288915E+00
  E_FF_weight_norm_sigma: 8.373476E-01
  E_I_mean_weight: 1.131553E+00
  E_I_tau_offset: 2.724355E+00
  E_I_weight_norm_sigma: 6.093262E-01
  E_norm_syn_count: 4.069794E-01
  E_peak_delta_weight: 3.643485E+00
  I_E_FF_syn_proportion: 5.031335E-01
  I_E_mean_weight: 1.349301E+00
  I_E_syn_proportion: 2.304690E-01
  I_E_tau_offset: 1.657832E+01
  I_E_weight_norm_sigma: 1.166404E-01
  I_FF_mean_weight: 2.066805E+00
  I_FF_weight_norm_sigma: 4.622460E-01
  I_I_mean_weight: 1.574923E-01
  I_I_tau_offset: 6.670826E+00
  I_I_weight_norm_sigma: 7.087460E-01
  I_norm_syn_count: 2.815434E-01
