J:
  E_E_FF_syn_proportion: 5.558672E-01
  E_E_mean_weight: 7.666654E-01
  E_E_syn_proportion: 5.213730E-01
  E_E_tau_offset: 3.310981E+00
  E_E_weight_norm_sigma: 7.035587E-01
  E_FF_mean_weight: 1.318339E+00
  E_FF_weight_norm_sigma: 8.501778E-01
  E_I_mean_weight: 8.657889E-01
  E_I_tau_offset: 2.664080E+00
  E_I_weight_norm_sigma: 5.416425E-01
  E_norm_syn_count: 4.863112E-01
  E_peak_delta_weight: 3.754091E+00
  I_E_FF_syn_proportion: 4.980959E-01
  I_E_mean_weight: 1.665755E+00
  I_E_syn_proportion: 2.533030E-01
  I_E_tau_offset: 1.545679E+01
  I_E_weight_norm_sigma: 1.480687E-01
  I_FF_mean_weight: 1.725984E+00
  I_FF_weight_norm_sigma: 5.034243E-01
  I_I_mean_weight: 2.360475E-01
  I_I_tau_offset: 7.914728E+00
  I_I_weight_norm_sigma: 7.016509E-01
  I_norm_syn_count: 3.172796E-01
