J:
  E_E_FF_syn_proportion: 5.558672E-01
  E_E_mean_weight: 7.666654E-01
  E_E_syn_proportion: 5.213730E-01
  E_E_tau_offset: 3.310981E+00
  E_E_weight_norm_sigma: 7.035587E-01
  E_FF_mean_weight: 1.318339E+00
  E_FF_weight_norm_sigma: 8.501778E-01
  E_I_mean_weight: 8.657889E-01
  E_I_tau_offset: 2.664080E+00
  E_I_weight_norm_sigma: 5.416425E-01
  E_norm_syn_count: 4.863112E-01
  E_peak_delta_weight: 3.754091E+00
  I_E_FF_syn_proportion: 4.980959E-01
  I_E_mean_weight: 1.665755E+00
  I_E_syn_proportion: 2.533030E-01
  I_E_tau_offset: 1.545679E+01
  I_E_weight_norm_sigma: 1.480687E-01
  I_FF_mean_weight: 1.725984E+00
  I_FF_weight_norm_sigma: 5.034243E-01
  I_I_mean_weight: 2.360475E-01
  I_I_tau_offset: 7.914728E+00
  I_I_weight_norm_sigma: 7.016509E-01
  I_norm_syn_count: 3.172796E-01
K:
  E_E_FF_syn_proportion: 8.246580E-01
  E_E_mean_weight: 1.948872E+00
  E_E_syn_proportion: 6.839078E-01
  E_E_tau_offset: 4.231120E+00
  E_E_weight_norm_sigma: 9.187609E-01
  E_FF_mean_weight: 2.530381E+00
  E_FF_weight_norm_sigma: 3.635368E-01
  E_I_mean_weight: 1.389592E+00
  E_I_tau_offset: 3.252171E+00
  E_I_weight_norm_sigma: 6.222285E-01
  E_norm_syn_count: 1.956207E-01
  E_peak_delta_weight: 2.546268E+00
  I_E_FF_syn_proportion: 7.968854E-01
  I_E_mean_weight: 5.492608E-01
  I_E_syn_proportion: 8.631385E-01
  I_E_tau_offset: 1.689774E+01
  I_E_weight_norm_sigma: 1.059672E-01
  I_FF_mean_weight: 5.344464E-01
  I_FF_weight_norm_sigma: 4.143443E-01
  I_I_mean_weight: 1.698864E+00
  I_I_tau_offset: 5.739075E+00
  I_I_weight_norm_sigma: 2.305590E-01
  I_norm_syn_count: 1.389087E-01
C:
  E_E_FF_syn_proportion: 7.760074E-01
  E_E_mean_weight: 3.138233E+00
  E_E_syn_proportion: 4.437595E-01
  E_E_tau_offset: 7.662270E+00
  E_E_weight_norm_sigma: 5.537371E-01
  E_FF_mean_weight: 2.907836E+00
  E_FF_weight_norm_sigma: 8.422238E-01
  E_I_mean_weight: 1.205572E+00
  E_I_tau_offset: 7.661340E+00
  E_I_weight_norm_sigma: 2.471531E-01
  E_norm_syn_count: 1.868149E-01
  I_E_FF_syn_proportion: 6.856613E-01
  I_E_mean_weight: 3.543566E+00
  I_E_syn_proportion: 2.037385E-01
  I_E_tau_offset: 1.866754E+01
  I_E_weight_norm_sigma: 8.362540E-01
  I_FF_mean_weight: 3.154648E+00
  I_FF_weight_norm_sigma: 3.588546E-01
  I_I_mean_weight: 1.252648E+00
  I_I_tau_offset: 6.469197E+00
  I_I_weight_norm_sigma: 9.578477E-01
  I_norm_syn_count: 1.153463E-01
L:
  E_E_FF_syn_proportion: 4.040903E-01
  E_E_mean_weight: 4.626419E+00
  E_E_syn_proportion: 1.538814E-01
  E_E_tau_offset: 1.078374E+01
  E_E_weight_norm_sigma: 8.027717E-01
  E_FF_mean_weight: 9.135267E-01
  E_FF_weight_norm_sigma: 5.272993E-01
  E_I_mean_weight: 2.742548E-01
  E_I_tau_offset: 1.701667E+01
  E_I_weight_norm_sigma: 3.749478E-01
  E_norm_syn_count: 1.102747E-01
  E_peak_delta_weight: 2.519018E+00
  I_E_FF_syn_proportion: 1.499694E-01
  I_E_mean_weight: 2.851255E-01
  I_E_syn_proportion: 7.206092E-01
  I_E_tau_offset: 1.772578E+01
  I_E_weight_norm_sigma: 3.806526E-01
  I_FF_mean_weight: 1.033108E+00
  I_FF_weight_norm_sigma: 7.190989E-01
  I_I_mean_weight: 2.181932E-01
  I_I_tau_offset: 7.047252E+00
  I_I_weight_norm_sigma: 4.815300E-01
  I_norm_syn_count: 4.237164E-01
M:
  E_E_FF_syn_proportion: 8.975910E-01
  E_E_mean_weight: 1.344605E+00
  E_E_syn_proportion: 5.185767E-01
  E_E_tau_offset: 7.542849E+00
  E_E_weight_norm_sigma: 8.674740E-01
  E_FF_mean_weight: 1.204920E-01
  E_FF_weight_norm_sigma: 2.951835E-01
  E_I_mean_weight: 7.989560E-01
  E_I_tau_offset: 8.565161E+00
  E_I_weight_norm_sigma: 1.963783E-01
  E_norm_syn_count: 6.777465E-01
  E_peak_delta_weight: 3.349875E+00
  I_E_FF_syn_proportion: 6.768450E-01
  I_E_mean_weight: 3.469132E+00
  I_E_syn_proportion: 4.888230E-01
  I_E_tau_offset: 2.575751E+00
  I_E_weight_norm_sigma: 8.200612E-01
  I_FF_mean_weight: 1.057256E+00
  I_FF_weight_norm_sigma: 8.617086E-01
  I_I_mean_weight: 1.439127E+00
  I_I_tau_offset: 7.791756E+00
  I_I_weight_norm_sigma: 4.730493E-01
  I_norm_syn_count: 5.002122E-01
