J:
  E_E_FF_syn_proportion: 5.280494E-01
  E_E_mean_weight: 7.472521E-01
  E_E_syn_proportion: 5.341749E-01
  E_E_tau_offset: 3.428149E+00
  E_E_weight_norm_sigma: 6.995351E-01
  E_FF_mean_weight: 1.279917E+00
  E_FF_weight_norm_sigma: 8.506750E-01
  E_I_mean_weight: 8.689775E-01
  E_I_tau_offset: 2.318210E+00
  E_I_weight_norm_sigma: 5.433153E-01
  E_norm_syn_count: 4.522014E-01
  E_peak_delta_weight: 3.631021E+00
  I_E_FF_syn_proportion: 4.548144E-01
  I_E_mean_weight: 1.849270E+00
  I_E_syn_proportion: 2.576429E-01
  I_E_tau_offset: 1.503594E+01
  I_E_weight_norm_sigma: 1.211617E-01
  I_FF_mean_weight: 1.495411E+00
  I_FF_weight_norm_sigma: 4.561797E-01
  I_I_mean_weight: 1.642007E-01
  I_I_tau_offset: 8.089192E+00
  I_I_weight_norm_sigma: 7.207296E-01
  I_norm_syn_count: 3.261066E-01
J_reward:
  E_E_FF_syn_proportion: 6.017486E-01
  E_E_mean_weight: 6.385008E-01
  E_E_syn_proportion: 5.836947E-01
  E_E_tau_offset: 3.235852E+00
  E_E_weight_norm_sigma: 6.729454E-01
  E_FF_mean_weight: 8.997816E-01
  E_FF_weight_norm_sigma: 8.884764E-01
  E_I_mean_weight: 1.355900E+00
  E_I_tau_offset: 3.543423E+00
  E_I_weight_norm_sigma: 5.518119E-01
  E_norm_syn_count: 4.149866E-01
  E_peak_delta_weight: 4.253199E+00
  I_E_FF_syn_proportion: 6.219898E-01
  I_E_mean_weight: 2.142582E+00
  I_E_syn_proportion: 2.023178E-01
  I_E_tau_offset: 1.455249E+01
  I_E_weight_norm_sigma: 1.148836E-01
  I_FF_mean_weight: 1.868877E+00
  I_FF_weight_norm_sigma: 4.546551E-01
  I_I_mean_weight: 3.085050E-01
  I_I_tau_offset: 7.901428E+00
  I_I_weight_norm_sigma: 6.358262E-01
  I_norm_syn_count: 2.687757E-01
