J_no_sel:
  E_FF_mean_weight: 2.217599E+00
  E_E_mean_weight: 8.150761E-01
  E_I_mean_weight: 1.364479E+00
  I_FF_mean_weight: 8.753713E-01
  I_E_mean_weight: 1.611151E+00
  I_I_mean_weight: 1.292126E-01
  E_FF_weight_norm_sigma: 9.486696E-01
  E_E_weight_norm_sigma: 8.141279E-01
  E_I_weight_norm_sigma: 6.632061E-01
  I_FF_weight_norm_sigma: 2.808855E-01
  I_E_weight_norm_sigma: 3.564109E-01
  I_I_weight_norm_sigma: 3.486245E-01
  E_E_tau_offset: 5.298966E+00
  E_I_tau_offset: 2.365699E+00
  I_E_tau_offset: 1.714006E+01
  I_I_tau_offset: 6.212138E+00
  E_E_syn_proportion: 6.793985E-01
  E_E_FF_syn_proportion: 6.848897E-01
  I_E_syn_proportion: 8.530102E-02
  I_E_FF_syn_proportion: 5.324360E-01
  E_norm_syn_count: 2.103737E-01
  I_norm_syn_count: 3.894071E-01
J_reduced_rhythmicity:
  E_FF_mean_weight: 4.363933E-01
  E_E_mean_weight: 4.782282E-01
  E_I_mean_weight: 2.657119E+00
  I_FF_mean_weight: 1.663925E+00
  I_E_mean_weight: 3.657123E+00
  I_I_mean_weight: 1.983778E+00
  E_FF_weight_norm_sigma: 5.243787E-01
  E_E_weight_norm_sigma: 7.209969E-01
  E_I_weight_norm_sigma: 5.414584E-01
  I_FF_weight_norm_sigma: 6.641599E-01
  I_E_weight_norm_sigma: 4.675174E-01
  I_I_weight_norm_sigma: 5.162758E-01
  E_E_tau_offset: 1.260988E+01
  E_I_tau_offset: 1.291896E+01
  I_E_tau_offset: 7.369584E+00
  I_I_tau_offset: 6.176917E+00
  E_E_syn_proportion: 5.266691E-01
  E_E_FF_syn_proportion: 7.892385E-01
  I_E_syn_proportion: 1.436568E-01
  I_E_FF_syn_proportion: 4.415237E-01
  E_norm_syn_count: 9.352379E-01
  I_norm_syn_count: 1.815458E-01
  E_peak_delta_weight: 3.502084E+00
M:
  E_FF_mean_weight: 3.698789E-01
  E_E_mean_weight: 9.044280E-01
  E_I_mean_weight: 8.645350E-01
  I_FF_mean_weight: 3.847066E-01
  I_E_mean_weight: 1.626613E+00
  I_I_mean_weight: 2.514498E+00
  E_FF_weight_norm_sigma: 8.007148E-01
  E_E_weight_norm_sigma: 2.469457E-01
  E_I_weight_norm_sigma: 7.571559E-01
  I_FF_weight_norm_sigma: 3.801296E-01
  I_E_weight_norm_sigma: 1.699559E-01
  I_I_weight_norm_sigma: 3.330926E-01
  E_E_tau_offset: 1.986641E+01
  E_I_tau_offset: 1.704838E+01
  I_E_tau_offset: 1.349087E+01
  I_I_tau_offset: 9.240854E+00
  E_E_syn_proportion: 2.789059E-01
  E_E_FF_syn_proportion: 9.220854E-01
  I_E_syn_proportion: 1.970244E-01
  I_E_FF_syn_proportion: 4.924878E-01
  E_norm_syn_count: 1.776677E-01
  I_norm_syn_count: 1.725959E-01
  E_peak_delta_weight: 3.906932E+00
O:
  E_FF_mean_weight: 1.303770E+00
  E_E_mean_weight: 1.430863E+00
  E_I_mean_weight: 2.057671E+00
  I_FF_mean_weight: 2.443510E+00
  I_E_mean_weight: 1.439581E+00
  I_I_mean_weight: 2.590763E-01
  E_FF_weight_norm_sigma: 9.131393E-01
  E_E_weight_norm_sigma: 5.760203E-01
  E_I_weight_norm_sigma: 4.124877E-01
  I_FF_weight_norm_sigma: 4.459287E-01
  I_E_weight_norm_sigma: 2.079692E-01
  I_I_weight_norm_sigma: 4.656037E-01
  E_E_tau_offset: 3.478351E+00
  E_I_tau_offset: 2.718638E+00
  I_E_tau_offset: 1.793558E+01
  I_I_tau_offset: 8.115266E+00
  E_E_syn_proportion: 5.682726E-01
  E_E_FF_syn_proportion: 5.590939E-01
  I_E_syn_proportion: 1.759050E-01
  I_E_FF_syn_proportion: 5.021784E-01
  E_norm_syn_count: 4.415994E-01
  I_norm_syn_count: 3.567018E-01
  E_peak_delta_weight: 4.417683E+00
P:
  E_FF_mean_weight: 1.569315E+00
  E_E_mean_weight: 5.384119E-01
  E_I_mean_weight: 5.946701E-01
  I_FF_mean_weight: 1.531084E+00
  I_E_mean_weight: 1.772747E+00
  I_I_mean_weight: 1.517948E-01
  E_FF_weight_norm_sigma: 8.793037E-01
  E_E_weight_norm_sigma: 7.305768E-01
  E_I_weight_norm_sigma: 7.347520E-01
  I_FF_weight_norm_sigma: 5.505168E-01
  I_E_weight_norm_sigma: 1.410650E-01
  I_I_weight_norm_sigma: 7.748896E-01
  E_E_tau_offset: 3.528258E+00
  E_I_tau_offset: 2.534801E+00
  I_E_tau_offset: 1.709621E+01
  I_I_tau_offset: 1.018592E+01
  E_E_syn_proportion: 4.804601E-01
  E_E_FF_syn_proportion: 6.894908E-01
  I_E_syn_proportion: 1.423141E-01
  I_E_FF_syn_proportion: 5.961966E-01
  E_norm_syn_count: 4.939059E-01
  I_norm_syn_count: 3.489777E-01
  E_peak_delta_weight: 3.631021E+00