J_no_E_sel:
  E_FF_mean_weight: 1.201473E+00
  E_E_mean_weight: 6.522064E-01
  E_I_mean_weight: 7.911637E-01
  I_FF_mean_weight: 1.914270E+00
  I_E_mean_weight: 2.314177E+00
  I_I_mean_weight: 2.586506E-01
  E_FF_weight_norm_sigma: 8.891203E-01
  E_E_weight_norm_sigma: 6.065044E-01
  E_I_weight_norm_sigma: 4.990177E-01
  I_FF_weight_norm_sigma: 4.499522E-01
  I_E_weight_norm_sigma: 1.052696E-01
  I_I_weight_norm_sigma: 7.129322E-01
  E_E_tau_offset: 2.707443E+00
  E_I_tau_offset: 2.595396E+00
  I_E_tau_offset: 1.522555E+01
  I_I_tau_offset: 1.042877E+01
  E_E_syn_proportion: 5.647662E-01
  E_E_FF_syn_proportion: 6.118028E-01
  I_E_syn_proportion: 3.041354E-01
  I_E_FF_syn_proportion: 5.481312E-01
  E_norm_syn_count: 4.767157E-01
  I_norm_syn_count: 2.484441E-01
  E_peak_delta_weight: 4.092691E+00
J_no_E_sparse:
  E_FF_mean_weight: 1.206181E+00
  E_E_mean_weight: 1.200123E+00
  E_I_mean_weight: 7.700807E-01
  I_FF_mean_weight: 1.817246E+00
  I_E_mean_weight: 2.197806E+00
  I_I_mean_weight: 4.386933E-01
  E_FF_weight_norm_sigma: 7.863308E-01
  E_E_weight_norm_sigma: 6.451700E-01
  E_I_weight_norm_sigma: 5.528353E-01
  I_FF_weight_norm_sigma: 3.843795E-01
  I_E_weight_norm_sigma: 2.043397E-01
  I_I_weight_norm_sigma: 8.180663E-01
  E_E_tau_offset: 4.896283E+00
  E_I_tau_offset: 3.475091E+00
  I_E_tau_offset: 1.539863E+01
  I_I_tau_offset: 6.327238E+00
  E_E_syn_proportion: 3.360517E-01
  E_E_FF_syn_proportion: 5.536654E-01
  I_E_syn_proportion: 2.604045E-01
  I_E_FF_syn_proportion: 5.186254E-01
  E_norm_syn_count: 4.794503E-01
  I_norm_syn_count: 1.602312E-01
  E_peak_delta_weight: 4.243279E+00
J_no_E_rhyth:
  E_FF_mean_weight: 6.512139E-01
  E_E_mean_weight: 9.215039E-01
  E_I_mean_weight: 2.682735E+00
  I_FF_mean_weight: 3.551785E-01
  I_E_mean_weight: 8.473077E-01
  I_I_mean_weight: 1.262752E+00
  E_FF_weight_norm_sigma: 5.214022E-01
  E_E_weight_norm_sigma: 7.201507E-01
  E_I_weight_norm_sigma: 6.713258E-01
  I_FF_weight_norm_sigma: 9.163539E-01
  I_E_weight_norm_sigma: 4.604319E-01
  I_I_weight_norm_sigma: 6.834389E-01
  E_E_tau_offset: 6.795294E+00
  E_I_tau_offset: 5.425152E+00
  I_E_tau_offset: 1.853212E+01
  I_I_tau_offset: 8.382243E+00
  E_E_syn_proportion: 8.616500E-01
  E_E_FF_syn_proportion: 6.803497E-01
  I_E_syn_proportion: 8.338255E-01
  I_E_FF_syn_proportion: 3.113555E-01
  E_norm_syn_count: 1.506061E-01
  I_norm_syn_count: 1.490873E-01
  E_peak_delta_weight: 3.717479E+00
J_no_I_rhyth:
  E_FF_mean_weight: 1.089387E+00
  E_E_mean_weight: 1.231106E-01
  E_I_mean_weight: 1.386609E+00
  I_FF_mean_weight: 7.649390E-01
  I_E_mean_weight: 1.658568E+00
  I_I_mean_weight: 1.103182E+00
  E_FF_weight_norm_sigma: 8.653882E-01
  E_E_weight_norm_sigma: 5.547862E-01
  E_I_weight_norm_sigma: 6.609307E-01
  I_FF_weight_norm_sigma: 2.854790E-01
  I_E_weight_norm_sigma: 2.099713E-01
  I_I_weight_norm_sigma: 8.838728E-01
  E_E_tau_offset: 6.984874E+00
  E_I_tau_offset: 2.365317E+00
  I_E_tau_offset: 1.624247E+01
  I_I_tau_offset: 4.954579E+00
  E_E_syn_proportion: 5.984257E-01
  E_E_FF_syn_proportion: 6.561370E-01
  I_E_syn_proportion: 5.096104E-01
  I_E_FF_syn_proportion: 5.334616E-01
  E_norm_syn_count: 1.566177E-01
  I_norm_syn_count: 2.459264E-01
  E_peak_delta_weight: 4.861253E+00